3038,
1456,
6637,
5701,
9567,
391,
6394,
2086,
9056,
7775,
3219,
6463,
5227,
8859,
4065,
7059,
4713,
9340,
8274,
3735,
2956,
7923,
334,
8046,
4524,
7899,
874,
1340,
4972,
7617,
1190,
6906,
6388,
3879,
512,
1893,
3569,
8687,
2748,
9645,
6402,
4019,
7782,
5238,
8479,
9207,
6184,
7723,
845,
1941,
2340,
277,
3563,
6361,
4082,
1041,
4134,
5911,
2139,
8961,
5668,
8055,
3691,
5427,
1110,
6752,
1572,
4888,
8572,
669,
1571,
5052,
9456,
8117,
4584,
4514,
3601,
9723,
5491,
1566,
3605,
3767,
7763,
1944,
2644,
2545,
7992,
4020,
9329,
9712,
2372,
7509,
5264,
7479,
5975,
1572,
9176,
9452,
2349,
7061,
6496,
3020,
2044,
5002,
2669,
7194,
5767,
3447,
3405,
1526,
9977,
9589,
844,
3235,
5691,
6636,
2058,
8787,
5961,
7084,
9746,
7237,
1285,
9021,
6391,
2838,
5253,
9121,
8679,
3221,
7206,
859,
8988,
9131,
9874,
5225,
9843,
4807,
3892,
6306,
2489,
6203,
8159,
7061,
7137,
5270,
6911,
7325,
8333,
7946,
4113,
3477,
3341,
2365,
2999,
9455,
8261,
5227,
5421,
8796,
4147,
6282,
1947,
7806,
3147,
6704,
4310,
7022,
2974,
7648,
5325,
2810,
6589,
7787,
6400,
6376,
7803,
9480,
4057,
4860,
8973,
884,
4121,
288,
7088,
8733,
6440,
2624,
8415,
4722,
5454,
787,
6517,
1394,
2397,
9915,
8988,
4788,
7783,
5468,
166,
2687,
6505,
7405,
1789,
6411,
5018,
6366,
873,
920,
1864,
8414,
730,
766,
6547,
2992,
6093,
6696,
3306,
5584,
1738,
4524,
9284,
7901,
3214,
5127,
3691,
2691,
5607,
3498,
4885,
1398,
3243,
9821,
8523,
831,
29,
7396,
9358,
4821,
6336,
2948,
5750,
8890,
8732,
3506,
4720,
2018,
4136,
4410,
3394,
4037,
5286,
8042,
1774,
7732,
5163,
1642,
8098,
1105,
3336,
9209,
5573,
2696,
9556,
7663,
5104,
5820,
5892,
1850,
1796,
9138,
40,
1867,
5359,
8430,
4543,
5857,
7626,
1217,
5031,
8378,
2768,
9883,
2440,
5151,
8358,
5269,
611,
4776,
6471,
7050,
759,
9954,
9310,
8206,
3468,
5077,
2492,
1815,
2629,
435,
6355,
2483,
1345,
8388,
2250,
3466,
9198,
1699,
3644,
5731,
7144,
6629,
2282,
4351,
8065,
3392,
8968,
5660,
2453,
4909,
4470,
8258,
9298,
7257,
3373,
3591,
6944,
2145,
7058,
8281,
690,
1283,
7816,
6880,
2075,
6192,
1901,
8779,
4527,
9266,
8536,
1067,
5487,
4394,
3507,
3200,
9511,
5073,
5925,
1729,
8878,
8224,
193,
1491,
7108,
6296,
4872,
5302,
5414,
1424,
8856,
6110,
6417,
8244,
3340,
1686,
5261,
6998,
1240,
4391,
1500,
7416,
353,
2822,
9735,
885,
3611,
440,
4073,
726,
8527,
3485,
2148,
7940,
8803,
5121,
8411,
9201,
3063,
3064,
6983,
6701,
6412,
4431,
5229,
1465,
8870,
5392,
8199,
5209,
996,
1098,
3444,
2647,
2470,
5331,
5973,
9539,
7301,
3995,
2070,
889,
1416,
6165,
4963,
9104,
4907,
4182,
1119,
5713,
543,
8773,
6348,
2774,
6006,
1239,
2840,
1323,
5351,
4514,
3529,
9957,
5003,
5545,
2856,
3793,
8609,
6492,
2147,
2802,
4252,
3610,
5500,
3000,
7249,
480,
9148,
1113,
8033,
9538,
837,
3599,
4011,
5932,
1815,
1187,
7242,
599,
2501,
79,
5638,
4819,
9774,
9548,
1275,
2671,
4879,
1960,
3394,
8755,
1973,
7211,
9355,
496,
1230,
924,
9160,
4854,
6073,
5729,
887,
362,
4604,
4591,
9473,
9902,
5749,
145,
7086,
7505,
6970,
8695,
7952,
2564,
5734,
7137,
2467,
2281,
2417,
4553,
1681,
4329,
2291,
3075,
120,
9016,
5720,
36,
9373,
7307,
2661,
6324,
7603,
2223,
9799,
3739,
9374,
1406,
5441,
6595,
3824,
3489,
376,
2764,
3534,
8258,
4251,
8488,
2574,
5300,
9537,
6389,
611,
2265,
8785,
8886,
452,
16,
9211,
5294,
8735,
8217,
4090,
9624,
6977,
4817,
6610,
2878,
7194,
3615,
2107,
1379,
6853,
473,
89,
7001,
9704,
8201,
6925,
27,
5451,
4387,
9638,
3590,
7634,
3713,
7728,
8859,
3639,
2738,
9015,
1927,
2254,
1121,
7245,
5613,
2451,
2954,
4912,
6114,
8289,
361,
186,
3411,
6349,
3564,
2727,
7360,
2956,
8705,
6921,
6460,
3018,
4884,
9749,
1478,
1496,
8755,
1013,
5742,
7694,
5140,
5628,
5700,
3965,
1490,
9715,
8847,
9707,
5615,
7315,
4730,
1364,
5791,
1478,
5010,
5859,
4241,
9583,
7349,
4197,
3411,
5048,
244,
4971,
5894,
172,
1214,
2477,
3901,
3661,
1838,
4093,
7066,
785,
2529,
8591,
3280,
6936,
7063,
9798,
309,
9283,
1641,
3210,
8537,
3277,
530,
1280,
1987,
2058,
1170,
5049,
8390,
6845,
4737,
3698,
9795,
2717,
4838,
4135,
2817,
6742,
1451,
8240,
8842,
9077,
8615,
2825,
2440,
6288,
9888,
6023,
2134,
5643,
249,
1363,
6928,
1083,
9422,
8105,
1619,
8987,
3989,
5401,
549,
1298,
5455,
5255,
9701,
5722,
320,
7709,
6874,
4037,
3661,
5966,
4129,
2595,
6481,
7310,
864,
9352,
5091,
6021,
5013,
1937,
1587,
4391,
7296,
9444,
9352,
452,
5215,
1174,
5393,
1696,
5804,
6094,
4486,
2740,
2728,
4722,
3079,
3649,
6117,
7736,
681,
8103,
8204,
2092,
2098,
2153,
9415,
9227,
604,
2865,
8511,
4652,
1678,
7735,
9177,
826,
8254,
8235,
9049,
2455,
3726,
8649,
7271,
5188,
4441,
9992,
7818,
4206,
769,
8269,
7287,
1216,
477,
1671,
8655,
3377,
199,
1005,
3490,
9828,
3467,
8310,
3003,
3147,
3466,
1817,
6921,
2042,
5955,
9836,
7217,
7738,
4935,
1886,
4476,
4775,
7970,
7175,
8308,
2657,
7348,
7554,
6120,
3813,
5808,
9126,
9386,
9447,
3071,
102,
2939,
1239,
5780,
7748,
9939,
2645,
554,
2354,
9184,
7710,
7145,
9150,
9711,
7233,
1144,
8841,
6640,
6636,
9252,
7596,
8589,
1701,
8734,
784,
3264,
7759,
7180,
8199,
216,
1222,
7691,
4408,
3459,
8752,
2103,
2670,
9606,
8191,
6418,
4510,
9103,
3670,
7688,
5237,
7539,
319,
7642,
5266,
8775,
4713,
5616,
2191,
6400,
6194,
522,
8291,
1923,
6005,
535,
2182,
1017,
333,
5539,
7129,
4219,
3037,
2064,
3245,
9168,
6418,
8644,
7753,
9860,
2198,
3391,
1768,
6540,
9489,
4489,
5894,
1607,
6303,
9359,
5258,
7735,
6048,
696,
8043,
401,
6259,
7289,
1208,
4907,
7256,
4678,
1120,
7485,
1224,
3877,
9826,
1965,
3907,
7076,
2691,
4889,
9305,
2978,
267,
6321,
6662,
3520,
1087,
5286,
9535,
7917,
1925,
608,
947,
850,
571,
9894,
7705,
4803,
6391,
2454,
6856,
1109,
3881,
2039,
7392,
7791,
3154,
494,
5091,
6554,
8864,
5637,
7297,
6908,
8335,
28,
6618,
4558,
2098,
6541,
2838,
7319,
9891,
9807,
3094,
3327,
8062,
5977,
9608,
8942,
6829,
2041,
9717,
2817,
8104,
2520,
5631,
8253,
517,
5976,
2584,
7476,
1291,
1002,
9773,
9983,
8429,
7973,
1622,
3627,
1892,
509,
9748,
611,
2483,
4295,
6482,
6150,
7215,
1420,
4024,
6998,
83,
2449,
7899,
2597,
5714,
2763,
7442,
7890,
5248,
6651,
8806,
9361,
7013,
709,
8447,
3041,
5002,
8167,
34,
9714,
3405,
4281,
5014,
5413,
6172,
9574,
6397,
6497,
4728,
4701,
6511,
4584,
8825,
4090,
5726,
2595,
5910,
7039,
4082,
6531,
2715,
1392,
5567,
7381,
6965,
1519,
249,
7225,
4952,
2983,
1126,
4089,
2375,
2577,
5829,
3593,
4906,
4635,
8,
4034,
5055,
5696,
9403,
553,
2069,
5325,
4444,
6660,
839,
7174,
6558,
8296,
145,
3763,
9381,
7342,
8898,
2666,
1100,
1829,
6733,
8320,
6249,
9816,
1314,
4426,
3741,
6158,
3663,
7659,
519,
5683,
2924,
912,
3514,
3718,
4330,
5553,
1059,
3699,
1889,
8129,
2514,
7126,
5265,
8789,
3851,
9488,
337,
9527,
2132,
1848,
351,
638,
7759,
1316,
2406,
2317,
9547,
9173,
1714,
8420,
5812,
1082,
8586,
2303,
8020,
5412,
5788,
7723,
7585,
2268,
6316,
1100,
9528,
2272,
9535,
5904,
5370,
588,
7778,
9709,
8784,
910,
1469,
4239,
795,
9590,
6314,
2477,
8588,
920,
9258,
5234,
9975,
798,
6605,
5963,
3537,
6031,
3354,
9354,
650,
1827,
597,
5316,
4063,
5580,
6157,
2830,
6097,
3990,
3567,
3952,
4185,
3370,
6342,
5644,
6117,
3166,
5465,
8140,
4562,
5698,
4491,
9487,
8440,
6592,
7536,
2109,
3928,
8058,
7998,
9117,
6970,
86,
4217,
1653,
4975,
4068,
6248,
6850,
715,
105,
9279,
7637,
3991,
3707,
5863,
8987,
229,
8561,
8529,
2490,
9274,
8429,
4005,
8635,
3568,
571,
8827,
9473,
1962,
7853,
8141,
2830,
4626,
2684,
8253,
8996,
9236,
7495,
7918,
8636,
4470,
6043,
4952,
3674,
6781,
1564,
4677,
8799,
2349,
7057,
7606,
1729,
8173,
8735,
9096,
173,
8032,
993,
595,
464,
4662,
9994,
9491,
2531,
9355,
2734,
6049,
5173,
9972,
4643,
6686,
4028,
4428,
5351,
7591,
319,
8174,
4719,
333,
3086,
8197,
926,
4122,
1629,
3742,
7698,
5923,
4305,
4695,
1097,
6443,
5267,
5096,
7750,
456,
9417,
3802,
5289,
5006,
6621,
8386,
7970,
1390,
1034,
3537,
4332,
8684,
1131,
5041,
4888,
9618,
4337,
892,
6464,
8670,
2294,
7125,
2479,
5294,
5265,
5038,
4442,
5845,
1688,
9023,
3987,
68,
2240,
3360,
8258,
4581,
7137,
8932,
7648,
5990,
6650,
2308,
6610,
4721,
177,
3452,
1749,
8867,
6135,
6775,
2295,
9897,
2547,
2448,
7535,
9018,
4956,
2755,
49,
2010,
5065,
9668,
9537,
8530,
576,
4813,
6465,
7205,
4474,
315,
5738,
7251,
7230,
4374,
1623,
2076,
7311,
8851,
6771,
5394,
7116,
3485,
1835,
1803,
784,
1477,
1348,
731,
4557,
274,
7669,
4634,
7947,
1801,
2669,
8936,
3059,
1868,
7717,
2944,
8353,
2320,
4226,
8217,
2516,
799,
2021,
5754,
1544,
9544,
1865,
3432,
648,
12,
1742,
2789,
7539,
1831,
2102,
6364,
2030,
8147,
2709,
7905,
3368,
7025,
6546,
2538,
8159,
4278,
4137,
152,
4160,
4572,
6150,
7036,
3687,
8221,
7729,
302,
5635,
7488,
4171,
3283,
2489,
8007,
808,
2261,
9449,
9188,
4883,
2811,
8364,
4080,
2769,
8095,
3211,
3127,
5398,
3419,
3785,
6374,
8229,
6497,
1974,
4598,
2621,
9665,
3346,
6578,
3318,
4809,
7936,
7135,
4468,
8739,
8436,
9350,
6775,
93,
3740,
1382,
2088,
4180,
7589,
9520,
1391,
1238,
6982,
1909,
4357,
3076,
3163,
2763,
342,
7569,
9559,
3777,
8201,
9950,
1013,
8394,
1557,
8132,
459,
1265,
7976,
8782,
838,
9568,
3306,
1280,
4955,
1574,
6202,
405,
2511,
13,
8996,
6731,
1777,
9498,
6093,
5587,
2140,
6850,
6806,
2747,
7166,
109,
3799,
5240,
9745,
6702,
4129,
5110,
9673,
6638,
6972,
7732,
2203,
4720,
6510,
1389,
8037,
3917,
8263,
4428,
7500,
6142,
9315,
9456,
9699,
5847,
157,
8073,
5037,
2336,
4702,
5972,
4601,
1131,
5571,
1363,
9124,
7001,
8560,
8606,
8248,
4146,
822,
7057,
4295,
7465,
8458,
3216,
4261,
1312,
8628,
3031,
2258,
4340,
1889,
9417,
3094,
31,
7685,
3870,
4927,
539,
7553,
2826,
286,
1605,
5399,
2055,
5364,
6783,
623,
4980,
3414,
1213,
8788,
7471,
9700,
6557,
4715,
5782,
868,
8990,
5445,
5652,
2230,
9412,
7682,
5379,
2800,
3787,
8529,
6042,
3974,
2812,
8765,
7458,
604,
5915,
1364,
7590,
6586,
9741,
6813,
4780,
1095,
6035,
467,
3984,
8618,
9810,
9949,
3991,
6628,
1553,
3330,
9109,
1562,
3906,
1486,
4957,
914,
383,
4163,
4281,
1215,
4358,
3581,
1220,
9567,
2139,
5225,
2998,
6925,
6699,
3770,
7077,
2244,
9065,
5758,
5996,
3498,
2668,
4061,
5657,
5130,
7878,
154,
8548,
4121,
781,
3314,
8917,
1480,
7300,
8534,
6589,
2011,
7438,
9032,
4649,
2572,
6171,
582,
2258,
2349,
206,
1712,
6726,
6951,
471,
8942,
2870,
9434,
3835,
3710,
1637,
6987,
5340,
5584,
2328,
1453,
8877,
4656,
4671,
2329,
9708,
4133,
2343,
9800,
9462,
4526,
6274,
7969,
7227,
3586,
7937,
2757,
3017,
6885,
7036,
3724,
4374,
4364,
391,
3071,
5609,
4830,
6619,
7754,
3165,
9909,
1114,
6706,
7110,
4669,
5198,
610,
7665,
6459,
6905,
5653,
2834,
5422,
3828,
4892,
1605,
3919,
9720,
4576,
8328,
1468,
113,
1655,
9602,
9383,
2769,
5986,
4533,
4402,
1942,
9929,
307,
5957,
5707,
3545,
2997,
6871,
9551,
7577,
9213,
4650,
7195,
7551,
2478,
1666,
7258,
8669,
8649,
1851,
5732,
2315,
8458,
1295,
7019,
1928,
788,
1346,
3790,
7224,
6691,
9311,
8511,
335,
1097,
5756,
5450,
6975,
5748,
5717,
5867,
123,
2710,
7917,
4690,
2898,
5689,
3530,
2423,
2959,
828,
7291,
7770,
8506,
9358,
6901,
3100,
5553,
7399,
940,
526,
1260,
8876,
5653,
8608,
706,
9017,
3656,
2373,
5040,
3376,
4337,
4331,
4496,
8954,
6119,
7210,
5525,
932,
2738,
4402,
2883,
1122,
4366,
942,
4156,
1682,
9929,
7111,
9127,
1196,
1987,
8648,
8069,
218,
3100,
2746,
2379,
8719,
4504,
465,
9519,
4704,
2741,
9038,
3314,
633,
2179,
1912,
4351,
1945,
9062,
6175,
1131,
24,
584,
4581,
7644,
7598,
9515,
2056,
8378,
1577,
6153,
4617,
5325,
9252,
8051,
2658,
2906,
995,
4774,
6946,
8973,
1183,
3799,
540,
3441,
8162,
324,
9166,
8090,
7609,
3664,
8714,
3530,
5147,
2398,
5263,
6965,
8389,
559,
3640,
8577,
7048,
9294,
5787,
8866,
3210,
7982,
2581,
7276,
6365,
1318,
9775,
8405,
3252,
9858,
8690,
5240,
9366,
3985,
7159,
6714,
3979,
1563,
2605,
4579,
5983,
1837,
2802,
447,
795,
7932,
2383,
4371,
3733,
7470,
7926,
3099,
6608,
3594,
3481,
1795,
632,
1713,
8915,
1795,
7786,
9411,
3691,
9017,
2596,
2823,
1491,
7117,
1826,
2165,
4482,
1478,
522,
3452,
4133,
8004,
5397,
3334,
6834,
5951,
3478,
7816,
2080,
5573,
2924,
6073,
6223,
7511,
1467,
8254,
6183,
9152,
2903,
2212,
5492,
9443,
9035,
9878,
1215,
6151,
4540,
9666,
1916,
3378,
4371,
7448,
1739,
429,
873,
5134,
8779,
6026,
7549,
1310,
181,
1846,
5909,
1533,
1734,
4801,
7136,
3747,
2343,
9087,
708,
3526,
8267,
8792,
8449,
7829,
3529,
6345,
4116,
3927,
531,
3286,
2896,
5506,
2215,
2152,
8795,
2288,
6792,
9271,
2395,
4356,
1412,
7343,
4268,
4603,
1193,
9113,
6660,
4808,
5328,
2104,
9095,
7481,
1473,
7808,
7438,
6371,
7130,
1714,
2259,
4183,
5700,
6575,
6911,
6968,
5594,
3116,
1068,
2705,
3437,
8513,
8459,
8022,
8163,
957,
6560,
7045,
3417,
8206,
1600,
3561,
61,
3964,
6550,
6091,
5662,
3668,
4416,
6295,
9061,
2382,
3974,
9054,
3687,
4735,
6421,
2378,
8044,
3701,
5033,
1580,
4697,
3529,
6256,
4554,
9227,
2007,
5895,
637,
2895,
4415,
6556,
3095,
10,
7511,
216,
5440,
6071,
7723,
7382,
3597,
7765,
9804,
7451,
8163,
6106,
6810,
7624,
6555,
7415,
4252,
7794,
1321,
6204,
2618,
5568,
2591,
3340,
5414,
6435,
5894,
1123,
5583,
5220,
2113,
2416,
3279,
4307,
1574,
7306,
717,
5983,
5400,
8368,
4021,
9129,
8857,
3409,
6175,
7525,
4874,
6030,
7544,
9199,
6996,
9382,
1555,
7682,
8100,
3071,
5993,
4733,
3319,
682,
8217,
1467,
6406,
3579,
3650,
7369,
462,
3434,
291,
4634,
8963,
4086,
3307,
7930,
5377,
8324,
9601,
3765,
7206,
1803,
5365,
2972,
7978,
4835,
9610,
756,
3359,
296,
3393,
3050,
2826,
791,
6569,
2412,
8781,
5337,
6713,
5303,
6167,
9013,
8941,
5396,
9251,
8695,
4355,
8734,
4243,
8310,
1348,
1044,
3707,
6993,
1116,
386,
3310,
6252,
6698,
424,
3303,
3191,
5524,
2472,
6052,
5350,
3180,
7666,
193,
405,
7447,
9653,
8624,
1925,
773,
110,
1069,
1914,
5594,
8102,
8684,
2523,
9225,
3034,
4600,
2951,
24,
6150,
8304,
2644,
4533,
7690,
9303,
3505,
6,
8648,
8756,
9031,
2546,
7234,
4590,
1441,
373,
5310,
4154,
6005,
6840,
6490,
3678,
4814,
6354,
5630,
1336,
509,
6567,
7121,
2614,
2178,
9644,
217,
5282,
2480,
4310,
8395,
5908,
2685,
5030,
2024,
6942,
3382,
6426,
889,
3238,
3889,
478,
4511,
4709,
7117,
6483,
6478,
4014,
4448,
7479,
3488,
9329,
2382,
3960,
5573,
9498,
7050,
3289,
6356,
2073,
5073,
5032,
929,
4128,
303,
1099,
4853,
2274,
6524,
9652,
2211,
3274,
9895,
2887,
1155,
6979,
4415,
963,
2983,
1366,
6420,
8979,
1506,
3032,
6145,
4545,
3663,
4210,
6648,
5805,
3704,
3736,
2902,
1282,
7478,
8927,
9857,
4775,
6280,
5960,
6833,
317,
8897,
9902,
1621,
6882,
3923,
4928,
9403,
7667,
2502,
8418,
432,
9327,
6191,
1927,
5243,
6302,
6139,
3669,
8165,
5366,
7862,
1490,
9177,
5726,
8392,
4200,
9934,
7185,
8427,
6382,
6049,
3405,
3534,
2341,
8343,
6804,
6162,
2996,
9208,
8373,
7929,
1100,
2849,
5156,
7516,
7852,
9424,
7251,
6072,
6796,
6674,
4417,
4496,
9261,
6575,
7351,
6675,
4200,
9913,
8752,
9976,
590,
9510,
1758,
781,
5231,
769,
2049,
2220,
603,
9003,
6226,
3468,
4593,
7012,
9462,
3339,
954,
788,
9032,
5033,
9222,
6790,
8451,
3811,
6520,
3374,
5713,
2263,
7942,
3245,
4443,
4073,
7195,
6481,
4792,
3458,
341,
7180,
1506,
5699,
3272,
5130,
9820,
1062,
6962,
4236,
7004,
9812,
8318,
269,
1225,
2870,
9090,
8703,
7600,
4710,
1619,
4897,
8550,
2760,
4680,
9819,
7162,
7904,
8337,
7169,
5337,
1314,
2434,
6610,
7132,
6594,
5810,
3668,
7846,
1029,
795,
5603,
4291,
8334,
1679,
8720,
7155,
3105,
7632,
1724,
8632,
590,
9216,
6269,
7699,
7638,
2311,
4517,
8119,
2308,
5586,
8570,
9876,
3577,
7703,
8233,
3557,
2563,
1484,
5089,
388,
7965,
9716,
7351,
5029,
8334,
8652,
4564,
9997,
406,
4438,
9051,
7326,
3075,
5796,
4819,
2596,
4287,
2317,
4855,
4601,
9557,
4866,
1463,
9570,
1730,
294,
9472,
6947,
5259,
9270,
4157,
7359,
9593,
879,
4677,
5602,
8668,
1381,
3476,
3668,
8245,
6855,
7976,
6070,
9814,
4687,
2986,
3388,
3120,
5582,
4800,
6692,
7871,
8007,
7066,
5986,
3561,
7454,
4070,
7460,
5477,
8746,
8987,
5621,
5960,
6764,
5854,
7348,
2988,
7261,
1512,
8360,
3128,
6147,
7978,
10000,
9413,
3550,
1191,
4447,
5152,
1424,
235,
9014,
182,
1823,
167,
7656,
2242,
3438,
7346,
3824,
7890,
3439,
2686,
3491,
8783,
5996,
9686,
4839,
1438,
5922,
6967,
308,
3494,
64,
4436,
726,
5067,
2128,
2474,
8493,
9017,
4769,
3503,
4039,
5830,
7532,
7564,
9553,
3044,
5481,
9814,
8843,
1757,
4254,
4596,
6614,
9204,
3098,
926,
1525,
1331,
128,
7541,
2171,
8267,
6563,
2064,
5637,
2503,
6030,
5796,
9066,
405,
704,
2239,
8946,
866,
4344,
927,
416,
4879,
829,
7964,
7227,
9291,
4888,
5910,
1341,
6195,
6861,
9611,
3230,
1172,
1987,
2379,
2302,
8226,
8967,
8218,
2895,
5691,
6446,
1172,
8016,
4488,
9855,
4999,
5855,
7045,
4251,
5502,
4620,
4507,
3831,
3301,
9827,
7408,
8636,
9759,
7484,
3202,
5431,
2778,
9985,
6820,
504,
2631,
1935,
1856,
2662,
3824,
6583,
4501,
9549,
1920,
627,
7600,
2839,
8664,
3533,
2190,
3505,
8463,
3658,
2415,
6083,
7178,
4745,
4490,
1593,
9668,
4343,
2300,
1245,
5142,
1928,
4358,
903,
8822,
8315,
2832,
5740,
9254,
5263,
8299,
6514,
7754,
6342,
9302,
8558,
8733,
6870,
478,
6128,
5194,
8169,
2390,
6241,
1413,
7418,
4119,
1824,
4140,
606,
5865,
3251,
3445,
9352,
121,
7191,
9480,
5058,
3254,
997,
7639,
7424,
1743,
464,
6792,
9294,
2774,
1352,
2898,
1360,
6796,
8132,
4951,
7925,
8346,
2569,
6013,
8287,
4850,
4761,
3764,
8228,
1087,
8490,
5534,
9627,
5485,
2997,
513,
7466,
1234,
9747,
9148,
7499,
1639,
2731,
1477,
4017,
1324,
90,
8872,
8630,
4902,
3162,
5620,
5315,
4527,
7682,
2363,
1229,
4292,
4042,
8033,
7885,
7103,
4771,
9625,
3355,
5419,
4628,
9700,
7091,
1913,
2366,
4929,
2794,
9263,
9974,
4425,
2992,
3044,
8251,
488,
8537,
760,
430,
6772,
51,
530,
4521,
438,
225,
5743,
6576,
3622,
1896,
267,
7771,
7443,
3427,
7954,
3704,
3774,
7419,
2990,
4119,
8549,
6112,
4454,
5348,
7305,
1127,
4898,
6075,
8429,
921,
5499,
9222,
6836,
7471,
9132,
8934,
7008,
4828,
9263,
3700,
1257,
908,
7640,
4245,
5434,
2652,
3490,
8445,
7888,
575,
9056,
9932,
4932,
7612,
4395,
8193,
631,
1502,
7759,
1183,
2449,
1820,
6059,
5155,
4477,
8832,
1642,
607,
1459,
749,
6874,
7315,
3021,
8740,
6516,
355,
5248,
3405,
6370,
5130,
299,
8310,
9391,
2010,
577,
6856,
2408,
7524,
3427,
3176,
3862,
7307,
6608,
3319,
5466,
8583,
4669,
2566,
4763,
3311,
4721,
5193,
3610,
8219,
4228,
4972,
9152,
3471,
1758,
24,
692,
824,
4845,
1981,
8663,
967,
9323,
6838,
7306,
9499,
8328,
2418,
8450,
9688,
9047,
8078,
5891,
9115,
5027,
3818,
7433,
9071,
7671,
2129,
6694,
4325,
6606,
2589,
1172,
1974,
2415,
8237,
6731,
8382,
9644,
1821,
333,
5648,
3892,
6779,
6860,
8135,
5043,
5340,
4718,
5670,
7856,
2862,
9845,
7068,
574,
1875,
4151,
3222,
6802,
674,
4652,
390,
3405,
3824,
988,
7140,
3513,
1782,
4918,
8131,
5932,
84,
9739,
638,
6627,
8971,
4100,
8890,
2128,
1688,
6438,
6307,
5369,
5413,
7532,
4223,
4260,
1526,
818,
5498,
7782,
7933,
196,
3831,
1254,
5952,
2676,
6155,
9627,
3065,
3779,
4287,
2425,
6349,
9196,
6994,
9816,
1927,
7294,
1443,
136,
1717,
3336,
4422,
5877,
5515,
6223,
1701,
7925,
1872,
1618,
3339,
8958,
5345,
4981,
450,
5866,
3673,
9256,
3132,
631,
2066,
8843,
3573,
4120,
8505,
82,
683,
4458,
1153,
6742,
3450,
1115,
6443,
5522,
4577,
4185,
6623,
1697,
8802,
9232,
9992,
4986,
6939,
7559,
3879,
3018,
5020,
5547,
7251,
1287,
5275,
8448,
2911,
5072,
378,
2573,
9625,
3404,
4341,
293,
5379,
4983,
9998,
4598,
1902,
9498,
1071,
3246,
9141,
4345,
3319,
6352,
3966,
9118,
10,
3465,
7513,
1412,
7310,
57,
9530,
7640,
506,
5526,
4129,
3843,
930,
894,
9662,
9553,
6865,
7791,
6531,
7656,
3945,
3384,
331,
8436,
9332,
1691,
3223,
1283,
7410,
1602,
5711,
3404,
2611,
2570,
8946,
4275,
1597,
8424,
9685,
5084,
7651,
1851,
8313,
1293,
2675,
6816,
1574,
2553,
7870,
4981,
3196,
1051,
933,
4066,
4472,
7199,
2514,
9899,
8795,
7460,
5398,
9665,
3050,
4598,
868,
8529,
7051,
3438,
80,
5205,
6082,
8115,
2576,
4973,
3375,
5983,
8870,
4878,
1413,
5798,
868,
8407,
2951,
4775,
8325,
2361,
9957,
9618,
1486,
2776,
2029,
5663,
6539,
5189,
1500,
7549,
9931,
3502,
7641,
6501,
4545,
7884,
5402,
6473,
7908,
342,
3857,
7693,
467,
5327,
3107,
8654,
6673,
7018,
9186,
1771,
5383,
925,
6334,
7534,
4269,
9440,
156,
2387,
2672,
2866,
6939,
5486,
7717,
979,
3696,
5847,
3329,
5308,
2480,
1932,
1552,
3480,
245,
2562,
735,
3335,
7521,
6302,
7146,
7080,
1754,
4294,
8317,
9887,
3029,
9056,
4072,
7364,
1830,
5417,
8545,
4413,
7492,
99,
566,
1769,
2504,
8145,
7489,
732,
7446,
4734,
4622,
9031,
6606,
3766,
8251,
6111,
20,
2155,
8554,
7545,
5494,
3955,
4351,
432,
4074,
6156,
8086,
4168,
7925,
7289,
5772,
3775,
5861,
7057,
4370,
101,
7534,
9028,
5259,
3183,
6837,
4708,
3208,
1936,
8199,
8957,
678,
1535,
1855,
6731,
1832,
6497,
8995,
2029,
5574,
7403,
4592,
9539,
782,
1101,
7438,
5829,
4722,
3425,
7314,
8363,
1412,
3364,
9050,
743,
9094,
8569,
5224,
1646,
6775,
1015,
4542,
7063,
789,
7112,
7479,
3826,
9998,
8268,
7508,
9383,
1445,
4394,
610,
1857,
9740,
4,
718,
5931,
6951,
4860,
5425,
1443,
9815,
4636,
9905,
124,
1699,
5833,
2975,
9554,
5335,
870,
3095,
9537,
612,
1695,
1003,
6526,
6964,
6572,
9538,
5325,
7440,
721,
8590,
3749,
4861,
2575,
3160,
739,
3960,
4986,
5543,
5716,
3214,
4165,
7157,
62,
8217,
4114,
1553,
3816,
879,
9726,
927,
7000,
1930,
2862,
230,
952,
5386,
3071,
2952,
1758,
5996,
5728,
6791,
7100,
2879,
9586,
3181,
7660,
415,
5566,
4347,
8541,
2965,
8866,
2334,
1642,
7583,
484,
9294,
4315,
9602,
3893,
6134,
750,
2329,
3905,
7808,
7178,
8667,
5016,
3409,
9411,
88,
8303,
4727,
8303,
3779,
1044,
9665,
5992,
3299,
9717,
5990,
6158,
3971,
2962,
4385,
7801,
9452,
4519,
7619,
5503,
9348,
5961,
4895,
4500,
8290,
8429,
4143,
8993,
3929,
5138,
6392,
9172,
6590,
1969,
6512,
8319,
1816,
1488,
9579,
6354,
2988,
8701,
228,
5383,
8590,
6198,
6751,
270,
8389,
5837,
6731,
443,
9638,
2772,
170,
5132,
9947,
4590,
994,
2412,
2444,
8247,
425,
5026,
1769,
451,
5692,
7317,
1511,
3614,
1481,
1653,
7355,
8840,
5186,
5600,
8839,
8013,
2661,
2020,
9929,
3869,
6146,
3977,
3542,
6201,
315,
9278,
6725,
5057,
9393,
7500,
2576,
2418,
3811,
2208,
5569,
2037,
8940,
1697,
8101,
3851,
5430,
6651,
5441,
9348,
8784,
5333,
1353,
1439,
1429,
1401,
4058,
4318,
4956,
2098,
7391,
6435,
3111,
2309,
4751,
8781,
6123,
8453,
4994,
6928,
6908,
6661,
538,
9332,
2047,
3887,
5742,
6212,
6202,
691,
6213,
3517,
9405,
8435,
351,
3778,
2270,
3161,
4680,
8346,
2230,
1815,
4611,
758,
4412,
8677,
6998,
9033,
7073,
4354,
3632,
3283,
2101,
2369,
279,
3376,
1699,
4725,
3261,
1278,
5873,
734,
8059,
8550,
5550,
2607,
6247,
7815,
6593,
1900,
2286,
6670,
6071,
7584,
127,
5059,
3058,
2276,
8860,
9718,
5459,
6350,
6540,
1997,
8581,
8300,
5439,
23,
233,
7149,
2683,
5159,
321,
2257,
5146,
2828,
7711,
2391,
367,
5468,
2147,
3226,
1167,
3925,
3665,
4034,
8639,
6095,
6515,
3567,
3698,
9248,
6822,
2683,
7747,
5587,
4126,
4065,
188,
1285,
7014,
8253,
9536,
7532,
3588,
2464,
9133,
9198,
5004,
9190,
3418,
899,
1686,
5581,
5797,
9540,
4392,
2186,
7632,
2521,
2016,
9097,
3321,
9369,
4723,
5927,
4669,
4670,
6713,
9971,
7030,
6349,
9789,
3631,
3890,
5490,
4650,
7331,
1307,
8049,
8194,
8591,
9439,
6376,
6010,
4410,
4637,
814,
546,
2556,
8285,
9187,
1984,
414,
5018,
2399,
6268,
2308,
9087,
5474,
4176,
7912,
14,
1204,
2141,
6031,
9014,
8487,
7055,
2667,
7728,
6500,
1000,
6546,
6743,
9426,
1066,
5528,
9703,
353,
3655,
5944,
5612,
6850,
7842,
2875,
883,
9111,
8368,
8766,
7468,
7478,
7093,
7600,
9905,
2916,
1011,
7845,
8273,
5505,
3575,
7842,
4236,
4875,
4416,
2598,
5190,
283,
8195,
6898,
6259,
7937,
7796,
7482,
2611,
4102,
6866,
5609,
8044,
7647,
3917,
9287,
95,
877,
1688,
3480,
5632,
1826,
4484,
2991,
2035,
4115,
8391,
4018,
1460,
8280,
4085,
9804,
8866,
3785,
630,
60,
1939,
9401,
2489,
2006,
2803,
1868,
1799,
1504,
2127,
654,
4589,
8933,
8095,
207,
9811,
789,
6307,
2037,
114,
101,
9301,
10,
3515,
7485,
1451,
4407,
2124,
740,
3399,
9950,
9462,
9817,
447,
2667,
3200,
3289,
9780,
1193,
6231,
2430,
8894,
9509,
6018,
5494,
3868,
7640,
3546,
6112,
1176,
9543,
1385,
1794,
5703,
3487,
3687,
183,
5012,
4947,
5483,
7580,
3106,
9382,
8980,
4695,
9925,
3031,
7977,
3315,
5261,
5019,
7691,
4560,
7447,
3291,
2904,
2583,
9253,
8897,
7213,
7078,
9331,
7742,
5921,
2113,
2635,
4797,
2360,
2833,
9517,
6229,
813,
2328,
8996,
389,
3003,
1465,
5294,
2071,
9854,
3121,
6272,
1178,
9285,
138,
9406,
6932,
3849,
8808,
404,
8369,
2816,
3311,
5187,
319,
9914,
387,
3466,
6129,
7563,
548,
4544,
7092,
5924,
2035,
3200,
1649,
1586,
3687,
3905,
6281,
7337,
4297,
4368,
5867,
2860,
2691,
7981,
1744,
5058,
8907,
2047,
2652,
7721,
6417,
4779,
1164,
9959,
6854,
3652,
18,
1269,
6908,
9187,
7275,
7546,
25,
2032,
9231,
4386,
3193,
2577,
3798,
1858,
7920,
2873,
7481,
4956,
5388,
6719,
2421,
2649,
465,
2929,
5364,
6320,
6212,
1616,
2199,
2652,
4709,
4449,
324,
8412,
1080,
6259,
9933,
3874,
3587,
8526,
4939,
127,
687,
294,
1156,
8722,
8735,
6519,
8455,
1405,
9470,
1088,
3010,
9987,
8963,
1013,
9511,
6609,
1367,
9130,
2695,
5108,
7327,
3946,
8914,
6642,
9923,
9213,
6480,
6842,
4006,
2164,
199,
1109,
3489,
270,
1898,
649,
9258,
7282,
2711,
6829,
3450,
9293,
3970,
4974,
7794,
5307,
5946,
1032,
2010,
4146,
4671,
5258,
7479,
7879,
4764,
2410,
6837,
6158,
2875,
1654,
715,
8731,
5534,
1310,
5226,
3163,
523,
1795,
46,
2452,
4254,
5005,
2528,
8556,
986,
5589,
9590,
797,
4007,
1440,
2564,
7858,
7068,
5641,
956,
7976,
6150,
965,
639,
1359,
6204,
3742,
7590,
9102,
7400,
5848,
8924,
2727,
6204,
2538,
331,
4624,
2456,
8921,
7898,
4418,
367,
7815,
7211,
3347,
4386,
3839,
9877,
6757,
9852,
593,
2730,
6291,
2905,
2238,
6766,
3378,
7013,
5962,
2246,
5265,
7901,
2234,
7951,
279,
8014,
4651,
716,
6266,
6193,
6707,
4794,
4201,
7906,
7186,
9991,
2997,
9405,
7015,
1199,
9107,
1934,
522,
3192,
7894,
8657,
1985,
1583,
5843,
296,
5272,
6637,
6716,
3884,
3628,
9926,
3153,
4269,
6307,
7227,
941,
329,
9097,
227,
7124,
6037,
9084,
4195,
4581,
9273,
5089,
2801,
235,
8328,
5124,
9172,
486,
4873,
717,
4439,
5249,
381,
1693,
679,
1001,
7664,
7705,
5787,
6758,
9537,
6496,
6303,
5007,
4371,
670,
8821,
9796,
350,
2798,
6721,
4986,
2504,
3628,
7235,
8617,
8566,
1435,
836,
5603,
7368,
9,
5638,
1920,
8406,
9188,
9431,
5710,
4805,
6906,
868,
9287,
3583,
1408,
5492,
7904,
1557,
2383,
1531,
21,
5840,
1419,
2915,
4921,
9197,
7266,
7575,
872,
2583,
2441,
3007,
1154,
9909,
5570,
3535,
7791,
3036,
5514,
4915,
4129,
2091,
1604,
5609,
8413,
7350,
3725,
4587,
8964,
5067,
9665,
6911,
6162,
1638,
4162,
674,
5134,
3269,
3478,
4921,
3020,
3446,
9283,
879,
2003,
7720,
7622,
5724,
9779,
6978,
3925,
7613,
1453,
3176,
2275,
5473,
5036,
3033,
9072,
1857,
5921,
8415,
8665,
7993,
2756,
8957,
2636,
4604,
7828,
7395,
3405,
4388,
4372,
7273,
3248,
3684,
7464,
8760,
4925,
8319,
4149,
3644,
7188,
2871,
3784,
8079,
48,
3906,
3865,
7558,
8973,
9744,
5512,
4574,
7524,
4039,
9676,
8828,
3908,
68,
2655,
5551,
8249,
631,
4600,
7123,
8861,
553,
8508,
3170,
2372,
2852,
443,
3936,
4763,
7905,
2074,
1870,
8927,
7815,
7641,
6794,
5796,
3555,
7062,
8368,
8233,
165,
5718,
1599,
9831,
6383,
2496,
4576,
8037,
6658,
1381,
5925,
8828,
8036,
5357,
767,
2453,
305,
9222,
8694,
3515,
556,
6538,
471,
2952,
4023,
784,
7840,
8510,
2767,
2036,
3962,
4732,
4573,
8213,
7675,
1233,
2260,
4478,
9844,
3453,
4959,
9329,
6394,
5062,
9279,
7438,
2209,
6467,
5661,
105,
5359,
2939,
3787,
6142,
2909,
2243,
3142,
3863,
4632,
1839,
7952,
6898,
3829,
6501,
337,
680,
9059,
2373,
6263,
18,
3266,
4368,
9171,
8548,
4483,
6931,
6859,
979,
8503,
5636,
1307,
3228,
9218,
8010,
1228,
112,
5855,
9399,
1321,
7206,
1809,
7879,
2534,
9406,
2507,
4858,
8339,
2371,
4796,
9025,
6406,
30,
8411,
3631,
4987,
5397,
682,
4034,
7734,
3018,
652,
7728,
5029,
1700,
6092,
9203,
2422,
6367,
7,
7147,
6740,
432,
1035,
232,
2445,
8480,
529,
1220,
4267,
6641,
5602,
6360,
1630,
9012,
5825,
5666,
1047,
2017,
3788,
3954,
9624,
807,
6873,
8998,
2434,
8131,
3328,
4258,
7738,
9294,
2045,
8689,
4381,
2947,
5982,
8204,
9542,
2226,
4470,
6522,
7230,
4961,
6953,
3988,
9719,
1111,
4319,
951,
2693,
2470,
6012,
858,
7788,
9625,
3130,
2404,
8337,
5158,
5427,
7469,
2333,
4496,
1809,
4387,
4128,
822,
5264,
4873,
8120,
5496,
7624,
8225,
4565,
4856,
4323,
9971,
3096,
9376,
3794,
260,
9624,
6538,
9220,
6787,
3903,
5310,
3104,
4731,
129,
1006,
2762,
1603,
6526,
2308,
8067,
943,
3629,
9994,
271,
9060,
1538,
1896,
295,
8050,
2415,
2633,
8871,
8850,
5979,
620,
4961,
181,
9612,
3534,
1973,
5184,
4774,
484,
1127,
8055,
1095,
3609,
7013,
2840,
4133,
542,
320,
1878,
2239,
3473,
6584,
8894,
2632,
7223,
8810,
5616,
2010,
6419,
6140,
6352,
3012,
4799,
1414,
8591,
3580,
5058,
10000,
3809,
8980,
1963,
401,
2292,
924,
239,
9662,
4871,
5447,
3259,
8668,
2400,
2844,
5018,
8117,
8670,
6092,
6037,
9068,
8159,
8507,
4689,
4433,
5307,
5600,
1411,
4171,
6307,
3722,
3978,
5531,
4633,
6922,
9054,
150,
7538,
7429,
1782,
1388,
2495,
2533,
1795,
7572,
9636,
9296,
1437,
3877,
9282,
935,
6646,
5714,
1037,
8982,
2862,
4202,
467,
26,
6043,
7510,
9294,
1718,
5633,
4223,
7561,
2929,
1492,
4850,
9635,
1952,
1885,
2892,
1046,
3623,
7844,
7200,
8921,
2852,
7403,
4489,
3387,
4018,
17,
1260,
448,
6867,
5387,
8235,
7586,
9591,
7225,
629,
6515,
9432,
1893,
7646,
3844,
5073,
17,
8745,
6250,
9868,
8932,
6163,
5932,
9565,
8985,
6124,
9720,
88,
952,
9671,
1052,
5916,
9177,
8847,
828,
6893,
63,
8060,
365,
9843,
2244,
289,
1940,
3002,
9795,
8661,
4035,
4176,
5907,
5934,
5490,
6360,
44,
2851,
1847,
8645,
8453,
1974,
8154,
5674,
4529,
3407,
4429,
7528,
6956,
2074,
8909,
9622,
980,
8064,
6842,
7034,
6833,
4747,
3793,
9421,
5842,
8286,
2886,
599,
6721,
6540,
3693,
9379,
2151,
7654,
4234,
5768,
4148,
4365,
6305,
6500,
8681,
5009,
5630,
5014,
7188,
7255,
5484,
9368,
2871,
3473,
641,
2127,
7780,
4431,
6509,
6051,
6095,
224,
4295,
4695,
9618,
4614,
1388,
6663,
3681,
5373,
6825,
4723,
4887,
6617,
868,
2394,
7019,
718,
3765,
987,
6663,
3871,
7402,
2773,
6561,
6283,
9854,
6788,
5380,
8900,
9907,
8542,
941,
6318,
7100,
778,
251,
246,
8852,
6977,
2999,
1604,
2882,
7340,
9205,
8875,
4128,
6198,
116,
1533,
6734,
3724,
3083,
6092,
1946,
7805,
3423,
1409,
8207,
8831,
172,
5629,
5046,
6714,
412,
5026,
1479,
7826,
4828,
9345,
7968,
7395,
8742,
1583,
498,
9811,
6333,
746,
3526,
8568,
6741,
5529,
3252,
9459,
9136,
6117,
4140,
8187,
1294,
1491,
9640,
9107,
2902,
9309,
6164,
1839,
4599,
7301,
3609,
4189,
5229,
2289,
4906,
6830,
9450,
6519,
1887,
2600,
3109,
375,
6300,
9528,
5586,
9096,
3337,
4316,
6242,
7890,
3288,
1542,
679,
2217,
3784,
4646,
6244,
2564,
5253,
179,
5953,
7063,
3047,